Image Name: Capture 2	
Slide Name: Slide1.sld	
Capture Date: 10/23/2020	
Capture Time: 17:18:02	
Plane	Time	Elapsed (ms)	PMT 1 (1) Mean 	PMT 1 (1) Min 	PMT 1 (1) Max 	PMT 1 (2) Mean 	PMT 1 (2) Min 	PMT 1 (2) Max 	PMT 1 (3) Mean 	PMT 1 (3) Min 	PMT 1 (3) Max 	PMT 1 (4) Mean 	PMT 1 (4) Min 	PMT 1 (4) Max 	PMT 1 (5) Mean 	PMT 1 (5) Min 	PMT 1 (5) Max 	PMT 2 (1) Mean 	PMT 2 (1) Min 	PMT 2 (1) Max 	PMT 2 (2) Mean 	PMT 2 (2) Min 	PMT 2 (2) Max 	PMT 2 (3) Mean 	PMT 2 (3) Min 	PMT 2 (3) Max 	PMT 2 (4) Mean 	PMT 2 (4) Min 	PMT 2 (4) Max 	PMT 2 (5) Mean 	PMT 2 (5) Min 	PMT 2 (5) Max 	
0	17:18:02	0	3815.612	491.000	7864.000	4315.427	667.000	8348.000	1735.110	204.000	8363.000	2191.820	180.000	8383.000	1108.734	269.000	5849.000	635.849	3.000	3335.000	947.448	0.000	4691.000	2040.869	0.000	8383.000	1999.780	0.000	7764.000	3681.406	0.000	8383.000	
1	17:18:02	288	3721.556	472.000	7285.000	4536.366	916.000	8184.000	1735.207	186.000	7849.000	2179.711	101.000	8007.000	1119.787	171.000	4823.000	722.220	0.000	3814.000	854.685	3.000	3976.000	2012.745	0.000	8383.000	2046.593	0.000	7949.000	3770.649	0.000	8383.000	
2	17:18:02	573	3620.138	621.000	8335.000	4326.017	675.000	8292.000	1722.257	215.000	7208.000	2174.983	173.000	8018.000	1139.492	184.000	4634.000	746.552	8.000	4099.000	884.267	2.000	3804.000	1989.002	0.000	8383.000	2041.026	0.000	7985.000	3779.511	0.000	8383.000	
3	17:18:02	859	3586.060	613.000	7940.000	4314.642	787.000	8383.000	1706.764	204.000	7741.000	2173.874	114.000	8383.000	1125.135	196.000	4677.000	702.207	0.000	3609.000	863.004	0.000	4328.000	2018.594	0.000	8142.000	1996.031	0.000	8383.000	3793.193	0.000	8383.000	
4	17:18:02	1145	3681.483	644.000	7914.000	4301.444	780.000	8383.000	1726.204	205.000	8168.000	2190.731	166.000	8383.000	1118.289	198.000	4344.000	772.599	0.000	4299.000	846.078	2.000	3712.000	2064.969	0.000	8383.000	2053.930	0.000	7862.000	3766.811	0.000	8383.000	
5	17:18:02	1431	3733.909	582.000	8383.000	4423.651	738.000	7839.000	1722.845	167.000	8072.000	2192.144	113.000	8233.000	1104.448	253.000	4682.000	727.720	0.000	4377.000	853.345	0.000	3445.000	1968.392	0.000	8383.000	2143.976	0.000	7773.000	3696.332	0.000	8383.000	
6	17:18:02	1716	3647.716	495.000	7937.000	4480.940	140.000	8383.000	1699.240	194.000	7601.000	2210.823	64.000	8337.000	1136.098	200.000	4845.000	766.841	0.000	3572.000	927.440	0.000	4951.000	1958.459	0.000	8383.000	2161.405	0.000	8169.000	3739.152	0.000	8383.000	
7	17:18:02	2002	3624.366	644.000	8078.000	4451.815	396.000	8383.000	1711.066	231.000	7506.000	2227.440	186.000	8216.000	1104.051	203.000	5112.000	666.284	0.000	3925.000	955.211	1.000	4715.000	1926.720	0.000	8383.000	2194.461	0.000	8383.000	3719.582	0.000	8383.000	
8	17:18:02	2288	3657.323	543.000	7224.000	4536.780	521.000	8206.000	1680.815	163.000	7460.000	2182.907	232.000	8054.000	1108.686	192.000	6002.000	685.789	0.000	3354.000	873.569	3.000	4167.000	1939.137	0.000	8383.000	2131.463	0.000	8383.000	3730.625	0.000	8383.000	
9	17:18:02	2574	3705.858	699.000	7398.000	4425.375	989.000	8383.000	1664.514	138.000	7619.000	2187.788	104.000	8383.000	1099.534	170.000	4739.000	809.522	7.000	4279.000	821.233	0.000	3409.000	1967.560	0.000	8383.000	2114.844	0.000	8383.000	3783.614	0.000	8383.000	FRAP timelapse timepoint: 10 500 ms 1 repetition all regions power 2 10 (Ph2P RS)	
10	17:18:02	8935	3674.491	433.000	8271.000	4594.009	550.000	8383.000	1648.081	193.000	8381.000	2145.774	182.000	7975.000	1037.391	233.000	4524.000	713.625	0.000	4413.000	837.819	1.000	3238.000	2111.187	0.000	8383.000	1748.812	0.000	7877.000	3652.733	0.000	8383.000	
11	17:18:02	9221	3524.888	497.000	7324.000	4579.422	560.000	8383.000	1664.076	177.000	8218.000	2112.883	122.000	8383.000	1079.348	226.000	4672.000	653.142	4.000	4240.000	821.116	0.000	4740.000	2022.067	0.000	8383.000	1751.234	0.000	7167.000	3681.744	0.000	8383.000	
12	17:18:02	9507	3547.841	444.000	7671.000	4263.254	879.000	7968.000	1668.357	161.000	8383.000	2116.551	146.000	8383.000	1088.466	184.000	4809.000	798.284	0.000	4361.000	834.414	6.000	3782.000	1998.914	0.000	8383.000	1873.596	0.000	6968.000	3708.858	0.000	8383.000	
13	17:18:02	9793	3515.543	495.000	6988.000	4285.453	655.000	8383.000	1658.094	44.000	7686.000	2148.819	22.000	8223.000	1087.076	162.000	4827.000	663.379	0.000	3937.000	778.509	2.000	3651.000	1977.544	0.000	8383.000	1905.938	0.000	7409.000	3695.656	0.000	8383.000	
14	17:18:02	10078	3645.789	457.000	7764.000	4275.207	532.000	8383.000	1676.530	134.000	7114.000	2099.444	195.000	8383.000	1078.321	169.000	4898.000	577.487	4.000	4126.000	842.022	7.000	4079.000	2016.842	0.000	8383.000	1944.074	0.000	8235.000	3669.312	0.000	8383.000	
15	17:18:02	10364	3611.336	713.000	7873.000	4465.082	625.000	8383.000	1644.154	151.000	7380.000	2150.314	189.000	8383.000	1073.219	188.000	4716.000	638.185	2.000	4041.000	851.241	0.000	3731.000	2015.264	0.000	8383.000	1984.806	0.000	7721.000	3717.379	0.000	8383.000	
16	17:18:02	10651	3440.194	471.000	7206.000	4547.853	505.000	8383.000	1630.394	168.000	7716.000	2134.466	102.000	8051.000	1079.061	107.000	5594.000	782.754	4.000	5762.000	714.116	3.000	4452.000	1984.459	0.000	8383.000	2021.367	0.000	7584.000	3772.629	0.000	8383.000	
17	17:18:02	10936	3541.039	737.000	7222.000	4283.366	261.000	8383.000	1652.865	107.000	7313.000	2108.124	151.000	8308.000	1078.881	209.000	4444.000	672.897	0.000	3234.000	860.974	4.000	4015.000	1896.573	0.000	8383.000	2050.545	0.000	7474.000	3673.515	0.000	8383.000	
18	17:18:02	11222	3515.328	138.000	7270.000	4475.310	440.000	8383.000	1613.657	206.000	7828.000	2134.750	181.000	8296.000	1079.428	189.000	5105.000	748.573	5.000	4430.000	818.655	0.000	3837.000	1914.336	0.000	8383.000	2098.305	0.000	7942.000	3707.454	0.000	8383.000	
19	17:18:02	11508	3607.116	860.000	8383.000	4442.763	687.000	8383.000	1654.880	187.000	7319.000	2139.261	185.000	7967.000	1096.837	115.000	4789.000	666.552	0.000	3527.000	838.634	0.000	3465.000	1968.813	0.000	8383.000	2018.912	0.000	7836.000	3805.083	0.000	8383.000	FRAP timelapse timepoint: 20 500 ms 1 repetition all regions power 2 25 (Ph2P RS)	
20	17:18:02	12479	3757.970	824.000	8083.000	4483.384	717.000	8383.000	1722.760	164.000	7797.000	2137.205	190.000	8360.000	1107.665	144.000	4927.000	757.776	0.000	4734.000	862.478	0.000	4482.000	2331.267	0.000	8383.000	1872.957	0.000	7320.000	3819.588	0.000	8383.000	
21	17:18:02	12764	3697.246	301.000	7744.000	4400.302	1084.000	8383.000	1689.009	197.000	8110.000	2116.578	206.000	8191.000	1074.109	161.000	5488.000	721.668	5.000	3733.000	821.254	0.000	3806.000	2286.539	0.000	8383.000	1871.803	0.000	7273.000	3610.091	0.000	8383.000	
22	17:18:02	13050	3692.677	166.000	7961.000	4611.159	546.000	8383.000	1685.205	94.000	8083.000	2143.989	176.000	8128.000	1077.865	193.000	4757.000	635.034	1.000	3029.000	879.379	0.000	3600.000	2208.801	0.000	8383.000	1842.236	0.000	8068.000	3701.515	0.000	8383.000	
23	17:18:02	13336	3581.220	638.000	7232.000	4348.254	906.000	8302.000	1689.765	139.000	7777.000	2155.043	15.000	8383.000	1094.039	177.000	5372.000	760.418	0.000	3643.000	840.345	0.000	4739.000	2201.875	0.000	8383.000	1853.997	0.000	7182.000	3752.050	0.000	8383.000	
24	17:18:02	13621	3616.500	239.000	7739.000	4509.198	456.000	8383.000	1680.653	197.000	8014.000	2107.175	210.000	8102.000	1069.561	237.000	5528.000	627.733	4.000	4342.000	781.586	2.000	4992.000	2153.210	0.000	8383.000	1916.882	0.000	7527.000	3685.061	0.000	8383.000	
25	17:18:02	13907	3603.707	640.000	8146.000	4520.401	476.000	8383.000	1654.989	185.000	8288.000	2112.030	202.000	8369.000	1079.264	195.000	4721.000	684.017	9.000	2997.000	801.978	0.000	3774.000	2084.955	0.000	8383.000	1892.868	0.000	7847.000	3670.466	0.000	8383.000	
26	17:18:02	14194	3625.250	476.000	8225.000	4463.957	865.000	7899.000	1627.121	188.000	7345.000	2155.954	188.000	8383.000	1062.981	235.000	6015.000	676.103	6.000	2933.000	851.983	7.000	5168.000	2023.077	0.000	8383.000	1901.970	0.000	7302.000	3672.140	0.000	8383.000	
27	17:18:02	14480	3638.112	544.000	8060.000	4506.302	599.000	8383.000	1657.864	224.000	7236.000	2129.374	147.000	8383.000	1097.024	49.000	5047.000	699.483	4.000	3739.000	856.375	5.000	4399.000	2127.522	0.000	8383.000	1915.444	0.000	7818.000	3732.112	0.000	8383.000	
28	17:18:02	14766	3499.871	284.000	7548.000	4445.845	504.000	8383.000	1672.742	154.000	8133.000	2159.682	82.000	8271.000	1072.153	111.000	5934.000	689.793	5.000	3735.000	847.461	5.000	3941.000	2031.729	0.000	8383.000	1914.511	0.000	7600.000	3682.663	0.000	8383.000	
29	17:18:02	15052	3595.009	338.000	7796.000	4640.138	536.000	8383.000	1617.398	205.000	7026.000	2130.608	189.000	8263.000	1086.560	249.000	4574.000	764.647	0.000	4089.000	811.991	4.000	3971.000	2046.646	0.000	8383.000	1974.997	0.000	7319.000	3794.579	0.000	8383.000	FRAP timelapse timepoint: 30 500 ms 1 repetition all regions power 2 40 (Ph2P RS)	
30	17:18:02	16024	3548.927	298.000	8182.000	4725.987	184.000	8383.000	1732.991	180.000	7712.000	2125.359	191.000	8383.000	1089.690	0.000	5063.000	727.642	5.000	3233.000	846.918	4.000	3184.000	2439.852	0.000	8383.000	1855.590	0.000	7375.000	3880.095	0.000	8383.000	
31	17:18:02	16310	3571.724	229.000	8025.000	4427.349	995.000	8383.000	1706.805	55.000	8238.000	2127.871	180.000	7764.000	1076.827	225.000	5028.000	698.060	5.000	3545.000	862.082	3.000	3381.000	2399.258	0.000	8383.000	1815.180	0.000	7545.000	3665.027	0.000	8383.000	
32	17:18:02	16596	3649.065	208.000	6833.000	4507.634	214.000	8383.000	1694.327	146.000	7057.000	2157.985	276.000	8049.000	1080.973	252.000	4544.000	694.246	0.000	4114.000	854.772	3.000	3970.000	2354.903	0.000	8383.000	1797.170	0.000	7255.000	3649.352	0.000	8383.000	
33	17:18:02	16881	3640.914	292.000	7599.000	4662.371	821.000	8300.000	1702.006	118.000	7793.000	2146.649	13.000	8383.000	1083.527	106.000	4849.000	720.315	3.000	4368.000	908.134	0.000	3641.000	2231.991	0.000	8383.000	1862.798	0.000	7401.000	3713.390	0.000	8383.000	
34	17:18:02	17167	3468.565	276.000	8236.000	4516.237	635.000	8377.000	1656.147	56.000	7489.000	2120.058	154.000	8029.000	1096.668	173.000	4456.000	607.284	4.000	2740.000	911.349	0.000	4231.000	2228.893	0.000	8383.000	1947.757	0.000	7461.000	3768.735	0.000	8383.000	
35	17:18:02	17452	3694.789	633.000	8383.000	4170.728	333.000	8230.000	1672.437	226.000	8383.000	2142.866	126.000	8383.000	1089.578	221.000	5277.000	707.073	8.000	3964.000	807.608	0.000	4213.000	2185.718	0.000	8383.000	1960.697	0.000	7146.000	3788.841	0.000	8383.000	
36	17:18:02	17738	3466.797	633.000	7026.000	4302.336	691.000	8383.000	1661.889	219.000	7387.000	2125.565	54.000	7865.000	1098.811	201.000	5131.000	661.384	11.000	3162.000	851.414	0.000	3769.000	2191.402	0.000	8383.000	1937.078	0.000	7710.000	3803.386	0.000	8383.000	
37	17:18:02	18024	3486.871	228.000	7132.000	4696.026	959.000	8383.000	1651.388	150.000	7507.000	2106.034	280.000	8298.000	1091.028	180.000	5378.000	686.190	3.000	3559.000	832.000	0.000	4156.000	2112.841	0.000	8383.000	1946.991	0.000	7917.000	3807.565	0.000	8383.000	
38	17:18:02	18309	3464.681	665.000	8166.000	4554.478	355.000	8383.000	1623.077	210.000	7511.000	2156.963	270.000	8383.000	1111.550	169.000	5011.000	649.983	5.000	4244.000	944.547	1.000	3317.000	2095.336	0.000	8383.000	2011.303	0.000	7941.000	3882.763	0.000	8383.000	
39	17:18:02	18597	3598.224	308.000	7728.000	4362.263	786.000	8383.000	1645.849	232.000	7768.000	2170.319	170.000	8075.000	1095.771	213.000	4717.000	676.431	3.000	3899.000	827.371	6.000	3936.000	2041.578	0.000	8383.000	2166.233	0.000	7661.000	3863.165	0.000	8383.000	FRAP timelapse timepoint: 40 500 ms 1 repetition all regions power 2 55 (Ph2P RS)	
40	17:18:02	19567	3532.922	506.000	7293.000	4632.043	555.000	8214.000	1692.451	170.000	7859.000	2188.762	232.000	8383.000	1094.536	49.000	4713.000	706.810	8.000	3718.000	974.578	3.000	4241.000	2461.424	0.000	8383.000	1973.201	0.000	8209.000	3824.471	0.000	8383.000	
41	17:18:02	19853	3471.858	590.000	7975.000	4360.625	452.000	8383.000	1678.049	169.000	7581.000	2125.995	116.000	7966.000	1079.483	206.000	5724.000	692.741	0.000	4865.000	983.517	0.000	4655.000	2362.254	0.000	8383.000	1880.362	0.000	8338.000	3711.386	0.000	8383.000	
42	17:18:02	20139	3446.478	513.000	7107.000	4488.690	338.000	8383.000	1666.679	209.000	8054.000	2112.136	167.000	8099.000	1066.726	184.000	4494.000	724.103	6.000	2994.000	858.060	6.000	3977.000	2323.290	0.000	8383.000	1903.319	0.000	7418.000	3722.538	0.000	8383.000	
43	17:18:02	20425	3513.754	634.000	7613.000	4424.556	649.000	8383.000	1659.146	208.000	7236.000	2133.978	224.000	8352.000	1099.942	202.000	4795.000	743.897	4.000	3043.000	827.388	3.000	4278.000	2263.985	0.000	8383.000	1933.803	0.000	7571.000	3815.098	0.000	8383.000	
44	17:18:02	20711	3519.487	470.000	7647.000	4370.052	861.000	8383.000	1682.685	146.000	7908.000	2129.787	106.000	8383.000	1108.834	161.000	4911.000	731.216	0.000	6379.000	885.547	3.000	4593.000	2291.046	0.000	8383.000	2017.371	0.000	8383.000	3899.001	0.000	8383.000	
45	17:18:02	20997	3515.530	652.000	7522.000	4614.897	548.000	8383.000	1684.375	209.000	8277.000	2172.694	184.000	7583.000	1098.092	169.000	4614.000	626.306	2.000	3224.000	892.845	0.000	4746.000	2263.479	0.000	8383.000	1983.519	0.000	7908.000	3819.226	0.000	8383.000	
46	17:18:02	21283	3568.181	285.000	8027.000	4637.953	656.000	8199.000	1638.350	219.000	7576.000	2130.165	157.000	8383.000	1110.305	141.000	4673.000	745.487	3.000	3434.000	878.509	10.000	5010.000	2220.291	0.000	8383.000	2014.971	0.000	8209.000	3853.205	0.000	8383.000	
47	17:18:02	21569	3598.056	249.000	8067.000	4398.547	608.000	7668.000	1636.884	107.000	7798.000	2118.708	159.000	8326.000	1122.739	119.000	5032.000	712.233	7.000	3001.000	932.849	0.000	3914.000	2242.660	0.000	8383.000	2032.309	0.000	8084.000	3877.245	0.000	8383.000	
48	17:18:02	21855	3521.095	528.000	8062.000	4283.983	757.000	8383.000	1651.339	258.000	7868.000	2153.947	166.000	7805.000	1115.571	192.000	4817.000	749.737	0.000	3985.000	991.974	0.000	3869.000	2198.545	0.000	8383.000	1995.610	0.000	7928.000	3900.319	0.000	8383.000	
49	17:18:02	22141	3543.401	411.000	7395.000	4500.358	452.000	8383.000	1651.308	169.000	6911.000	2144.825	146.000	7696.000	1109.994	201.000	5124.000	734.207	6.000	3744.000	961.810	0.000	4347.000	2167.927	0.000	8383.000	2049.386	0.000	8068.000	3972.436	0.000	8383.000	FRAP timelapse timepoint: 50 500 ms 1 repetition all regions power 2 120 (Ph2P RS)	
50	17:18:02	23114	3494.284	771.000	7684.000	4596.690	427.000	8383.000	1685.937	144.000	7519.000	2137.952	127.000	8046.000	1119.886	189.000	4392.000	675.022	0.000	3275.000	917.759	0.000	3704.000	2486.122	0.000	8383.000	1845.551	0.000	8307.000	3897.901	0.000	8383.000	
51	17:18:02	23400	3459.500	432.000	8046.000	4668.901	614.000	8383.000	1673.450	214.000	7949.000	2145.135	94.000	7987.000	1077.854	182.000	4802.000	647.065	0.000	4869.000	954.664	2.000	4126.000	2461.079	0.000	8383.000	1826.618	0.000	7425.000	3742.906	0.000	8383.000	
52	17:18:02	23686	3473.724	279.000	7564.000	4564.267	529.000	8316.000	1653.743	186.000	6693.000	2133.272	57.000	7690.000	1103.185	175.000	4787.000	763.457	0.000	4028.000	922.241	2.000	4395.000	2362.437	0.000	8383.000	1902.129	0.000	7601.000	3779.565	0.000	8383.000	
53	17:18:02	23973	3517.069	372.000	7526.000	4545.629	756.000	8383.000	1601.448	162.000	6740.000	2114.652	207.000	7801.000	1096.145	186.000	4688.000	634.961	4.000	3856.000	828.392	1.000	4303.000	2256.327	0.000	8383.000	1856.996	0.000	8142.000	3787.452	0.000	8383.000	
54	17:18:02	24258	3547.504	258.000	7704.000	4429.625	815.000	8383.000	1644.276	193.000	7765.000	2128.015	31.000	8113.000	1099.361	179.000	4809.000	761.267	3.000	4424.000	926.578	1.000	3923.000	2241.465	0.000	8383.000	1930.028	0.000	7804.000	3903.625	0.000	8383.000	
55	17:18:02	24544	3599.491	634.000	7878.000	4492.056	667.000	8383.000	1650.432	193.000	7456.000	2142.165	81.000	8383.000	1121.179	235.000	6038.000	716.470	5.000	4443.000	858.668	3.000	4535.000	2296.621	0.000	8383.000	2007.521	0.000	7659.000	3886.753	0.000	8383.000	
56	17:18:02	24830	3595.707	299.000	7432.000	4572.875	312.000	8383.000	1642.213	203.000	7596.000	2136.230	25.000	8383.000	1105.747	179.000	4721.000	699.927	0.000	3882.000	984.655	0.000	5986.000	2204.020	0.000	8383.000	1985.403	0.000	8383.000	3856.127	0.000	8383.000	
57	17:18:02	25117	3556.375	354.000	7629.000	4483.086	944.000	8143.000	1613.674	154.000	7242.000	2130.371	203.000	8259.000	1096.722	210.000	5768.000	608.672	2.000	3058.000	937.228	7.000	3470.000	2112.905	0.000	8383.000	1981.252	0.000	7371.000	3900.244	0.000	8383.000	
58	17:18:02	25402	3532.716	609.000	7566.000	4599.810	307.000	8383.000	1627.715	242.000	8375.000	2127.444	194.000	8255.000	1110.366	160.000	5418.000	714.190	7.000	3730.000	909.677	2.000	3922.000	2178.983	0.000	8383.000	1881.724	0.000	7330.000	3875.917	0.000	8383.000	
59	17:18:02	25688	3523.004	907.000	7797.000	4590.302	416.000	8383.000	1647.310	136.000	8283.000	2144.217	46.000	7908.000	1122.994	193.000	5034.000	713.384	0.000	2613.000	992.384	0.000	4088.000	2118.161	0.000	8383.000	2023.180	0.000	7712.000	3950.905	0.000	8383.000	FRAP timelapse timepoint: 60 500 ms 1 repetition all regions power 2 140 (Ph2P RS)	
60	17:18:02	26656	3515.246	519.000	7534.000	4418.224	737.000	8383.000	1670.144	237.000	7424.000	2138.825	141.000	8088.000	1084.920	145.000	4858.000	697.069	2.000	3080.000	910.151	0.000	4483.000	2326.700	0.000	8383.000	1886.366	0.000	6946.000	3830.355	0.000	8383.000	
61	17:18:02	26941	3601.966	627.000	7479.000	4496.884	855.000	8316.000	1653.048	215.000	7794.000	2175.179	273.000	8383.000	1069.692	229.000	5035.000	718.254	0.000	2928.000	829.297	0.000	5352.000	2301.118	0.000	8383.000	1801.810	0.000	7796.000	3730.995	0.000	8383.000	
62	17:18:02	27227	3565.172	389.000	7786.000	4546.922	636.000	8383.000	1650.098	156.000	7983.000	2117.714	291.000	7861.000	1092.615	135.000	4718.000	729.832	0.000	3805.000	907.772	1.000	3680.000	2198.223	0.000	8383.000	1866.257	0.000	7991.000	3789.639	0.000	8383.000	
63	17:18:02	27512	3561.996	495.000	7614.000	4455.603	620.000	8383.000	1598.209	182.000	8126.000	2164.282	129.000	8172.000	1097.186	199.000	4522.000	715.526	4.000	3316.000	886.371	10.000	6120.000	2208.853	0.000	8383.000	1980.157	0.000	8383.000	3864.330	0.000	8383.000	
64	17:18:02	27798	3454.716	338.000	7823.000	4521.405	769.000	8383.000	1624.097	110.000	7852.000	2152.864	141.000	8204.000	1118.403	170.000	5293.000	740.599	0.000	4101.000	884.190	0.000	4105.000	2163.983	0.000	8383.000	1958.983	0.000	8383.000	3924.456	0.000	8383.000	
65	17:18:02	28084	3424.500	415.000	7951.000	4697.220	802.000	8383.000	1621.176	145.000	8383.000	2153.680	288.000	8383.000	1098.858	167.000	5304.000	703.517	0.000	3710.000	961.237	0.000	3745.000	2126.543	0.000	8383.000	1903.282	0.000	7862.000	3915.184	0.000	8383.000	
66	17:18:02	28370	3540.802	474.000	7031.000	4445.569	264.000	8323.000	1588.920	213.000	7225.000	2179.703	250.000	7829.000	1113.927	214.000	4996.000	695.159	0.000	4602.000	855.539	0.000	3645.000	2139.920	0.000	8365.000	1979.963	0.000	7907.000	3956.624	0.000	8383.000	
67	17:18:02	28654	3480.509	781.000	7145.000	4403.121	766.000	8383.000	1606.183	186.000	7999.000	2136.759	142.000	7562.000	1126.354	116.000	5299.000	618.578	0.000	3580.000	874.491	0.000	3628.000	2082.778	0.000	8383.000	1983.036	0.000	6974.000	3945.357	0.000	8383.000	
68	17:18:02	28940	3501.940	580.000	7900.000	4581.112	772.000	8383.000	1637.559	87.000	7679.000	2160.332	43.000	8383.000	1140.648	153.000	4930.000	726.556	0.000	3471.000	787.155	2.000	3243.000	2138.710	0.000	8383.000	1950.476	0.000	8184.000	3998.282	0.000	8383.000	
69	17:18:02	29226	3612.440	472.000	7408.000	4403.586	647.000	8383.000	1652.327	207.000	7148.000	2138.526	98.000	8334.000	1120.451	190.000	6082.000	712.151	0.000	3334.000	1054.694	0.000	4353.000	2193.560	0.000	8383.000	2036.388	0.000	7610.000	4009.944	0.000	8383.000	
70	17:18:02	29512	3338.560	337.000	8157.000	4463.272	408.000	8383.000	1646.862	109.000	7162.000	2173.585	78.000	8071.000	1113.123	199.000	4612.000	718.461	4.000	3371.000	966.284	0.000	3967.000	2167.479	0.000	8383.000	1990.404	0.000	7240.000	3921.730	0.000	8383.000	
71	17:18:02	29798	3533.078	600.000	8074.000	4533.250	601.000	8383.000	1611.622	167.000	7161.000	2135.436	194.000	8383.000	1111.046	140.000	4553.000	772.858	0.000	4607.000	999.297	0.000	4913.000	2157.239	0.000	8383.000	2030.347	0.000	7152.000	3986.688	0.000	8383.000	
72	17:18:02	30083	3495.039	554.000	7617.000	4422.957	819.000	8383.000	1609.432	253.000	7082.000	2170.269	111.000	8145.000	1130.865	201.000	4687.000	642.819	8.000	2709.000	823.220	9.000	3640.000	2113.195	0.000	8383.000	2133.464	0.000	8383.000	4072.934	1.000	8383.000	
73	17:18:02	30369	3375.250	198.000	8127.000	4677.418	1095.000	8306.000	1634.470	214.000	7249.000	2172.587	208.000	8036.000	1114.160	198.000	4939.000	706.970	0.000	3468.000	923.909	0.000	4720.000	2130.279	0.000	8383.000	2036.039	0.000	8220.000	4011.223	0.000	8383.000	
74	17:18:02	30655	3542.358	331.000	7742.000	4549.142	491.000	8383.000	1617.164	160.000	7035.000	2172.106	145.000	8383.000	1129.738	231.000	4887.000	718.263	0.000	3529.000	975.409	0.000	4224.000	2118.419	0.000	8383.000	2112.276	0.000	8096.000	4005.350	0.000	8383.000	
75	17:18:02	30941	3569.892	517.000	7030.000	4614.302	502.000	8383.000	1608.435	157.000	7996.000	2141.854	144.000	8383.000	1106.908	172.000	5523.000	657.280	1.000	2795.000	911.306	0.000	4130.000	2126.484	0.000	8383.000	2124.264	0.000	8255.000	3935.683	0.000	8383.000	
76	17:18:02	31227	3453.612	475.000	8226.000	4474.935	646.000	8136.000	1613.208	151.000	8383.000	2182.198	146.000	8195.000	1118.331	219.000	5067.000	747.203	0.000	3556.000	897.190	2.000	4247.000	2087.318	0.000	8383.000	2085.374	0.000	7931.000	3947.771	0.000	8383.000	
77	17:18:02	31513	3442.151	477.000	7097.000	4661.647	804.000	8383.000	1629.408	178.000	8088.000	2148.713	228.000	8383.000	1112.289	201.000	4305.000	627.310	0.000	4246.000	965.767	4.000	3992.000	2074.439	0.000	8383.000	2003.561	0.000	7709.000	3976.172	0.000	8383.000	
78	17:18:02	31800	3490.358	418.000	7267.000	4576.504	282.000	8383.000	1613.616	173.000	8213.000	2169.407	174.000	8076.000	1122.597	144.000	4311.000	730.228	13.000	3670.000	1003.927	12.000	4292.000	2132.020	0.000	8383.000	2079.464	0.000	7651.000	4042.583	0.000	8383.000	
79	17:18:02	32087	3480.849	819.000	7029.000	4518.220	926.000	8383.000	1651.373	166.000	6960.000	2169.290	134.000	8029.000	1123.203	238.000	4788.000	758.142	0.000	4333.000	853.203	1.000	3391.000	2125.682	0.000	8383.000	2072.128	0.000	8096.000	3965.705	0.000	8383.000	
80	17:18:02	32373	3444.216	148.000	7295.000	4464.983	682.000	8383.000	1631.269	177.000	8209.000	2167.844	244.000	8233.000	1151.612	205.000	5057.000	623.384	2.000	3179.000	874.746	7.000	3643.000	2140.382	0.000	8383.000	2106.672	0.000	7815.000	4023.862	0.000	8383.000	
81	17:18:02	32658	3362.203	365.000	8166.000	4608.224	551.000	8383.000	1612.684	296.000	7854.000	2167.170	229.000	8150.000	1128.334	216.000	4993.000	724.767	8.000	4719.000	1004.190	0.000	4523.000	2141.183	0.000	8383.000	2064.763	0.000	7321.000	4005.708	0.000	8383.000	
82	17:18:02	32945	3356.108	689.000	7904.000	4412.116	527.000	8383.000	1629.239	147.000	7627.000	2174.842	258.000	8101.000	1123.558	201.000	4948.000	647.052	7.000	3831.000	881.780	5.000	3351.000	2139.382	0.000	8383.000	2098.570	0.000	7406.000	3982.833	0.000	8383.000	
83	17:18:02	33233	3426.371	56.000	8298.000	4588.716	541.000	8383.000	1619.979	120.000	7839.000	2131.719	166.000	8383.000	1140.290	147.000	5704.000	693.397	6.000	3828.000	961.440	5.000	5234.000	2051.657	0.000	8383.000	2123.119	0.000	7787.000	3953.214	0.000	8383.000	
84	17:18:02	33518	3473.483	548.000	6988.000	4642.858	871.000	8383.000	1615.930	50.000	7383.000	2121.795	235.000	7871.000	1107.964	194.000	4685.000	703.190	2.000	3578.000	913.940	3.000	4299.000	2092.814	0.000	8383.000	2074.811	0.000	7679.000	3883.546	0.000	8383.000	
85	17:18:02	33804	3582.522	230.000	8208.000	4702.341	575.000	8383.000	1589.125	179.000	8383.000	2158.576	218.000	8383.000	1122.705	266.000	5428.000	678.362	3.000	4495.000	908.336	0.000	3322.000	2015.919	0.000	8366.000	2093.522	0.000	7378.000	3897.130	0.000	8383.000	
86	17:18:02	34091	3504.491	133.000	8271.000	4619.069	455.000	8335.000	1632.354	186.000	6800.000	2178.807	203.000	7859.000	1094.682	151.000	5030.000	715.888	0.000	4710.000	883.996	0.000	3572.000	2002.973	0.000	8383.000	2053.100	0.000	7987.000	3873.099	0.000	8383.000	
87	17:18:02	34377	3648.103	375.000	8290.000	4545.272	1073.000	8383.000	1623.465	154.000	7586.000	2172.937	149.000	7913.000	1096.424	121.000	5209.000	714.961	3.000	3649.000	1014.750	0.000	4348.000	2091.440	0.000	8383.000	2023.920	0.000	7426.000	3828.849	0.000	8383.000	
88	17:18:02	34663	3535.957	397.000	7869.000	4432.767	1108.000	8383.000	1608.518	169.000	8212.000	2129.805	167.000	8383.000	1107.268	116.000	5211.000	652.879	1.000	2905.000	924.332	3.000	4835.000	2055.683	0.000	8383.000	2007.677	0.000	7067.000	3879.340	0.000	8383.000	
89	17:18:02	34949	3418.672	246.000	6935.000	4494.879	376.000	8383.000	1608.403	208.000	8260.000	2124.686	37.000	8330.000	1104.598	263.000	5450.000	743.534	5.000	3538.000	909.216	0.000	3989.000	1994.419	0.000	8295.000	1922.243	0.000	7350.000	3888.327	0.000	8383.000	
90	17:18:02	35235	3394.009	656.000	8383.000	4535.616	461.000	8383.000	1585.729	166.000	7234.000	2160.569	115.000	8262.000	1119.021	202.000	4846.000	641.556	0.000	3517.000	914.047	8.000	3546.000	2014.578	0.000	8383.000	2030.384	0.000	7720.000	3989.486	0.000	8383.000	
91	17:18:02	35521	3347.116	461.000	8383.000	4474.707	489.000	8383.000	1594.232	149.000	7225.000	2154.684	186.000	7815.000	1120.313	183.000	4579.000	760.642	2.000	3503.000	861.228	2.000	4661.000	2012.773	0.000	8383.000	2061.178	0.000	7325.000	3961.623	0.000	8383.000	
92	17:18:02	35806	3474.358	491.000	8361.000	4527.487	884.000	8383.000	1627.637	176.000	8223.000	2142.327	189.000	8383.000	1138.778	196.000	4998.000	713.030	8.000	3880.000	845.642	0.000	3963.000	2115.090	0.000	8383.000	2081.168	0.000	7872.000	3991.782	0.000	8383.000	
93	17:18:02	36092	3404.966	316.000	7669.000	4647.172	762.000	8383.000	1602.809	173.000	7987.000	2123.769	209.000	7955.000	1139.572	197.000	4970.000	667.845	1.000	3156.000	992.526	0.000	5980.000	2100.868	0.000	8383.000	2102.392	0.000	7821.000	4050.155	0.000	8383.000	
94	17:18:02	36377	3598.134	487.000	7094.000	4564.043	434.000	8383.000	1591.960	241.000	6959.000	2155.917	195.000	8383.000	1119.390	218.000	5187.000	676.039	8.000	3084.000	873.927	4.000	4762.000	2116.528	0.000	8383.000	2096.477	0.000	8322.000	4002.114	0.000	8383.000	
95	17:18:02	36663	3469.698	454.000	7071.000	4276.112	666.000	7988.000	1602.677	164.000	7714.000	2152.850	146.000	8284.000	1100.205	153.000	4239.000	677.328	0.000	3908.000	839.953	5.000	3792.000	2083.156	0.000	8383.000	2105.084	0.000	8153.000	3902.061	0.000	8383.000	
96	17:18:02	36949	3499.573	408.000	8354.000	4623.414	700.000	8383.000	1601.776	208.000	7471.000	2152.990	181.000	8383.000	1111.113	189.000	5239.000	704.642	0.000	3188.000	988.552	1.000	4382.000	2069.982	0.000	8116.000	2072.832	0.000	8120.000	3965.299	0.000	8383.000	
97	17:18:02	37235	3473.836	432.000	7135.000	4581.759	371.000	8242.000	1620.343	229.000	7288.000	2166.122	163.000	7789.000	1113.624	148.000	4896.000	662.552	2.000	3600.000	957.091	0.000	3877.000	2043.938	0.000	8383.000	2114.281	0.000	7355.000	3975.875	0.000	8383.000	
98	17:18:02	37520	3364.961	459.000	7564.000	4362.875	414.000	8383.000	1593.757	142.000	7366.000	2123.724	107.000	7878.000	1126.983	204.000	5394.000	666.069	0.000	3506.000	896.052	7.000	3523.000	2088.921	0.000	8383.000	2038.153	0.000	7995.000	3981.229	0.000	8383.000	
99	17:18:02	37806	3435.004	410.000	7403.000	4567.858	600.000	8383.000	1649.494	270.000	7558.000	2167.301	187.000	7992.000	1125.996	211.000	5062.000	747.345	0.000	3445.000	783.280	4.000	4025.000	2109.128	0.000	8383.000	2059.194	0.000	7837.000	3972.756	0.000	8383.000	
